10 10 10 10 10 10 10 10 10 10
1 1 1 3 3 3 3 25 30 30
25 30 30 3 3 3 3 1 1 1
1 18 1 19 1 19 1 19 1 20
0 0 13 17 22 2 3 41 2 0
0 8 6 12 0 0 21 39 13 1
3 10 3 14 3 20 39 7 1 0
1 0 0 12 15 17 2 38 15 0
5 8 12 14 2 2 39 0 18 0
0 6 6 14 0 19 0 39 16 0
0 0 2 8 18 2 23 39 8 0
0 4 9 16 0 20 0 39 11 1
3 5 1 0 19 21 2 40 8 1
3 9 3 14 2 20 38 6 5 0
0 0 14 18 21 2 4 40 1 0
2 7 0 12 15 21 3 39 1 0
3 4 1 1 20 21 2 39 8 1
7 1 3 18 3 2 25 40 1 0
2 10 0 18 2 2 24 40 2 0
5 7 10 0 2 19 2 41 14 0
0 0 0 14 15 16 1 37 14 3
0 9 0 15 1 22 2 39 10 2
5 1 7 0 17 21 2 39 8 0
3 4 9 13 2 20 39 1 9 0
4 4 11 15 16 2 37 0 11 0
4 4 8 13 15 2 39 0 13 2
2 9 0 2 1 29 2 38 16 1
1 7 9 2 18 20 2 39 2 0
0 0 2 15 18 3 2 39 21 0
3 6 1 0 20 20 2 40 8 0
0 11 13 1 2 1 23 39 9 1
5 8 11 15 2 2 38 1 17 1
0 11 0 17 1 24 4 40 3 0
5 4 9 13 15 2 38 0 13 1
0 9 12 15 1 1 1 40 21 0
1 4 0 1 2 20 23 39 9 1
0 0 14 18 20 1 4 40 2 1
0 0 16 16 2 21 3 40 2 0
3 10 0 2 2 19 2 39 23 0
6 9 0 17 21 3 4 40 0 0
5 8 12 14 3 2 39 0 15 2
0 10 14 0 4 3 25 40 4 0
0 0 13 18 22 3 3 40 1 0
4 4 9 13 16 2 39 0 13 0
6 2 1 17 3 3 25 40 2 1
3 1 11 16 15 2 35 6 10 1
4 7 6 15 2 20 37 0 8 1
7 1 2 17 3 3 25 40 1 1
5 8 11 15 2 2 38 0 17 2
0 0 15 17 19 2 4 41 2 0
0 12 1 17 0 24 3 40 2 1
0 2 0 15 5 19 3 39 15 2
7 0 2 17 3 3 25 40 2 1
4 1 12 0 18 1 3 39 22 0
4 7 10 0 2 19 2 40 15 1
0 1 13 16 20 0 3 41 6 0
0 9 4 15 3 3 39 27 0 0
0 6 10 16 1 20 0 39 8 0
0 8 10 0 1 3 23 40 15 0
1 0 15 18 19 2 3 41 1 0
1 10 13 1 4 3 25 40 3 0
0 0 10 15 18 1 1 40 14 1
0 11 2 18 1 22 3 41 2 0
0 8 13 14 0 0 1 39 22 3
5 4 7 14 15 2 39 0 13 1
0 10 12 15 1 0 0 39 21 2
3 6 11 0 2 19 2 40 17 0
1 0 2 14 2 21 39 6 15 0
2 8 1 0 17 19 38 6 8 1
0 11 1 19 0 23 3 39 2 2
3 0 12 1 17 3 2 40 21 1
5 8 12 15 2 2 40 0 16 0
5 0 12 0 18 2 3 40 19 1
15 5 30 5 10 5 0 10 0 20
2 10 2 1 2 2 39 24 17 1
0 10 12 2 1 1 23 39 12 0
4 9 11 0 1 20 2 39 13 1
1 0 13 17 3 20 3 40 2 1
4 4 9 13 15 2 38 0 14 1
4 5 8 13 14 2 39 0 14 1
0 9 10 14 17 3 38 7 1 1
0 11 0 16 1 24 3 41 2 2
0 4 11 5 5 0 21 22 24 8
6 8 11 14 3 2 38 0 17 1
4 4 11 12 17 2 38 0 11 1
0 5 6 14 1 20 0 39 15 0
2 8 12 0 16 2 37 7 16 0
1 8 10 0 1 20 39 6 14 1
4 7 6 14 2 20 37 1 8 1
1 10 1 0 18 21 2 39 7 1
5 11 1 17 18 2 4 39 2 1
3 5 8 13 17 2 38 0 14 0
1 8 4 15 3 3 40 25 0 1
0 0 1 9 1 19 22 40 7 1
1 0 0 10 17 2 23 39 6 2
2 11 0 17 2 23 4 40 0 1
0 6 8 13 0 20 0 38 14 1
0 1 14 17 2 21 3 40 2 0
0 11 0 18 1 24 2 40 4 0
0 11 1 18 1 22 2 40 5 0
0 7 1 16 0 19 3 40 14 0
1 7 2 1 17 19 38 6 8 1
0 10 2 0 1 3 23 39 20 2
0 10 1 16 0 22 2 40 9 0
0 10 13 15 0 1 0 40 20 1
0 8 1 0 1 2 32 36 17 3
4 5 8 13 2 18 38 0 12 0
36 13 13 5 6 7 8 1 10 1
0 0 4 0 11 13 15 17 19 21
1 1 1 1 11 13 15 17 19 21
4 0 0 0 11 13 15 17 19 21
0 3 0 1 11 13 15 17 19 21
47 7 13 21 2 2 2 2 2 2
1 1 6 10 12 14 16 28 6 6
12 3 13 21 6 7 8 9 10 11
16 11 7 25 6 7 8 9 10 1
12 11 16 25 1 7 8 9 10 1
4 11 4 5 31 7 8 9 10 11
37 3 4 5 6 7 8 9 10 11
2 3 4 4 5 15 0 24 20 23
1 18 1 19 1 19 1 19 1 20
0 25 0 25 0 25 0 25 0 0
12 0 12 13 0 13 12 13 12 13
3 0 11 3 4 15 22 22 17 3
2 3 10 4 5 0 23 23 23 7
8 12 12 10 8 8 9 10 11 12